PEAKS FOUND WITH EF
---------------------------------------------------------------------------------------------------------
Peak       xf          yf          zf       rho(e/A^3)   |grad|       Hessian eigenvalues
---------------------------------------------------------------------------------------------------------
   1    0.816558    0.605286    0.443679     124.32383   3.55e-09   [-1.320e+03, -1.318e+03, -1.314e+03]
   2    0.184628    0.732902    0.422557      80.62809   3.30e-12   [-8.534e+02, -8.497e+02, -8.474e+02]
   3    0.538445    0.187445    0.425713      33.85998   2.14e-08   [-3.616e+02, -3.568e+02, -3.546e+02]
   4    0.649649    0.393804    0.452791      10.29063   8.33e-09   [-1.057e+02, -1.003e+02, -9.615e+01]
   5    0.483972    0.646728    0.487589      10.15052   5.77e-09   [-1.007e+02, -9.931e+01, -9.174e+01]
   6    0.377807    0.441080    0.561717      10.05649   1.55e-07   [-9.754e+01, -9.514e+01, -9.169e+01]
   7    0.510316    0.379861    0.406937       7.15790   2.08e-11   [-8.526e+01, -7.527e+01, -7.208e+01]
   8    0.341364    0.604909    0.574755       6.90280   1.39e-08   [-7.392e+01, -7.300e+01, -6.501e+01]
   9    0.620904    0.522520    0.550652       6.84676   9.80e-12   [-7.500e+01, -6.912e+01, -6.792e+01]
  10    0.472303    0.732884    0.533516       3.23532   3.43e-10   [-4.150e+01, -2.768e+01, -2.371e+01]
  11    0.497557    0.674619    0.347136       3.05276   7.55e-09   [-3.140e+01, -2.576e+01, -2.422e+01]
  12    0.716046    0.393594    0.330728       2.90809   4.01e-10   [-2.694e+01, -2.505e+01, -1.882e+01]
  13    0.393242    0.377511    0.690941       2.88285   6.73e-08   [-2.939e+01, -2.300e+01, -1.721e+01]
  14    0.290389    0.440040    0.530472       2.85836   1.24e-08   [-2.882e+01, -2.004e+01, -1.592e+01]
  15    0.303886    0.616457    0.733166       2.83372   1.67e-12   [-2.958e+01, -2.493e+01, -2.357e+01]
  16    0.698652    0.303183    0.535432       2.80651   2.17e-13   [-2.456e+01, -2.044e+01, -1.515e+01]
  17    0.489853    0.450035    0.256417       2.80095   5.54e-08   [-2.937e+01, -2.519e+01, -2.047e+01]
  18    0.606161    0.489990    0.714710       2.74672   1.61e-13   [-2.889e+01, -2.590e+01, -1.667e+01]

ATOMS AND CLOSEST PEAKS
--------------------------------------------------------------------------------------------------------
#   Atom       xf        yf        zf       Match     Distance(A)      rho(e/A^3)
--------------------------------------------------------------------------------------------------------
 1  I1      0.81656   0.60528   0.44368   * peak 1          0.0000         124.32383
 2  Br2     0.18455   0.73285   0.42253   * peak 2          0.0012          80.62809
 3  Cl3     0.53860   0.18755   0.42582   * peak 3          0.0026          33.85998
 4  N4      0.48388   0.64655   0.48815   * peak 5          0.0041          10.15052
 5  N5      0.37868   0.44202   0.56120   * peak 6          0.0146          10.05649
 6  N6      0.64965   0.39429   0.45261   * peak 4          0.0048          10.29063
 7  B7      0.34305   0.60423   0.57630   * peak 8          0.0210           6.90280
 8  B8      0.62360   0.52442   0.54774   * peak 9          0.0385           6.84676
 9  B9      0.51013   0.38056   0.40782   * peak 7          0.0103           7.15790
10  H10     0.70126   0.30211   0.53702   * peak 16         0.0288           2.80651
11  H11     0.71969   0.39898   0.32885   * peak 12         0.0740           2.90809
12  H12     0.48790   0.44997   0.25548   * peak 17         0.0229           2.80095
13  H13     0.47247   0.73546   0.53523   * peak 10         0.0330           3.23532
14  H14     0.49224   0.67762   0.34511   * peak 11         0.0548           3.05276
15  H15     0.60903   0.48867   0.71491   * peak 18         0.0275           2.74672
16  H16     0.30687   0.61811   0.73649   * peak 15         0.0529           2.83372
17  H17     0.29019   0.43325   0.53041   * peak 14         0.0705           2.85836
18  H18     0.39165   0.37809   0.69067   * peak 13         0.0155           2.88285

* = successful match (distance < 0.1 A), as specified in the handout.
